849129750127796225
849133957367156737
849138221615267840
849142252937072641
849142254791000064
849145694833201155
849150567746224130
849154843423985668
849157365173805057
849159622216695809
849162395935223808
849169229135978496
849177484822228992
849180496663724032
849183432991272960
849187555119681536
849192074465468417
849198743283007488
849202661471789058
849204675895218176
849207180385550341
849213856882847744
849217765395374080
849219257283903488
849222042113245188
849224786202968064
849225942232965121
849231830947700736
849232849370742784
849233130250797060
849234364508524544
849235890861989890
849236880767975424
849239885252706305
849241598596714497
849244329847791617
849245698818281472
849247948764585984
849251714528104453
849251725533949953
849252787976368128
849255512411709441
849258261970903042
849259281706868736
849261136105021440
849261401793216514
849263053074046976
849263061382901760
849264349147299840
849265422557773824
849265559095042048
849266828631310336
849266927860015104
849267779094155265
849268948008812544
849270597045628929
849270772757438465
849270949924831234
849272647288541184
849274380186251264
849276632229593088
849277030977982464
849277183612694528
849278041553592320
849278153629605888
849278274203025408
849279106621493248
849279264612466688
849281931627941888
849282572097953792
849283339500494848
849284760652337152
849285049249918978
849285696544264192
849288021165953024
849289470935486465
849289480238268416
849290097648259073
849290353668571136
849291216839729152
849293252364820480
849294391860760577
849296071121444864
849296205213519875
849296499435606016
849297027100028934
849298200926326784
849299956678754305
849300224887717890
849300691994718213
849300807589777409
849302491229548545
849302503648841728
849302965756329984
849303562647740418
849304183299870722
849304324836646913
849306887187296260
849307916918194176
849308354405183489
849149082459267072
849149283903315968
849150441178882049
849150599492845572
849153911378268160
849155606313222145
849155776849485824
849156658672451584
849156883575263232
849158900255408129
849162381682892801
849163126989770752
849164500066488322
849166930413932544
849167154423357440
849168573884882944
849168603244937217
849168650107994112
849168746606239744
849169684473692161
849170334343348225
849170971420278784
849170986033324032
849174016443035648
849174163864420352
849174186438172672
849174474201026560
849175244187119616
849175479898656768
849176457431572480
849176978544447489
849177579063869440
849178869894479872
849179548386119680
849179637271875584
849179812434370560
849180195344928768
849182485019729920
849184057627783172
849185385875886081
849185919575891968
849187659033452544
849189638333882369
849189736832835588
849191088556351489
849192381194747904
849192586954686464
849196124397117440
849198391468802049
849198735733039106
849199203330834432
849199837090369536
849200514348703744
849201131477622784
849205060462497792
849205084705640448
849205930772254720
849208743883493376
849210831678038016
849211078865059840
849211877976559616
849218388589133825
849219023619317761
849219661740756992
849220751492239360
849224324053483521
849224355359870976
849227349266546688
849227805124636672
849229567810252801
849229604908748801
849229908614270978
849231603104489472
849232112574054401
849232802621014016
849233148437123072
849235737765478400
849235962626363392
849236431092367360
849236484670357504
849236749112889345
849238227407953920
849238626848219136
849238711921328128
849239214860390406
849239393453826048
849240151633018880
849242688448638983
849243065680359424
849244358679289857
849245774969831425
849246263857917952
849248927194861569
849251567622471680
849252391576682496
849252410228789248
849253836472569857
849255983318671361
849258442879414272
849259516445155332
849128653153640448
849128737471737856
849129042905190400
849129559056277505
849130236033642497
849131745651728384
849132526744371201
849132677701804032
849133079373373440
849133666445926400
849134726719741952
849137098317746176
849137453784944640
849138417157799936
849139669891661826
849140505598406656
849140736620507136
849142627207217153
849142952249053184
849144218438086656
849144284271886336
849144639579762688
849145927617044481
849146053802602497
849146113781190656
849147525420519424
849147802026258432
849148320677109764
849148365203832833
849148518992289792
849148597043994624
849148657785905156
849148680187781120
849154573243699200
849162877265203200
849170677282349057
849177224628641792
849186028523016192
849193074907656192
849200122802180097
849203898489417728
849208175328985089
849209109392089090
849211699345469440
849215476051963904
849219248211849216
849223276408840192
849225270297067520
849226797829042176
849227310029037570
849229538181697537
849230578931179520
849232146556387330
849232773143552000
849232911882702849
849233275210141696
849234346556915713
849238250892005376
849238374372302848
849241899596730368
849243604526788608
849243721619132416
849245671240740865
849247121647775745
849249448786096128
849253473485029376
849256623042428933
849257953303638016
849260774170259456
849262983045935104
849263104307363840
849264805613580288
849268828878098433
849270792110080001
849272100191969283
849275871651385344
849278924429434884
849279646969581569
849283424221310976
849287198033760258
849290326082818048
849290694879571968
849290973213589505
849291257021161476
849291946334068737
849292509348057090
849292952048459776
849294246926577664
849297349864296448
849298269083750400
849299030270148609
849299104798834688
849299354829688833
849301532902293504
849302047459561472
849302258554679296
849302528911171584
849304141587509249
849305588614017024
849130795960639488
849131736172605441
849133473159757825
849137875002118144
849141859746168832
849142827804119040
849145243362406400
849146555768729601
849146930932449280
849153730255634432
849158118034427904
849163622517362688
849171363059335168
849172608843120640
849173821420699649
849175196657385472
849180768559661056
849186279933833221
849187614125170688
849189033267920896
849189231411048448
849190230104178688
849191236565168128
849193638160723968
849194761886064640
849194885852917760
849195271720448001
849195516097429504
849197403995549696
849197655045672960
849198286577831938
849199055012077568
849200114421956608
849200777574981632
849200818251288576
849202191009292290
849202402842615813
849203247265042432
849203874942656512
849205352818253824
849207147841957888
849207174882525184
849212739805470720
849217758671892482
849219124286939139
849219775649763329
849220482561921024
849222419885826051
849222464458633220
849222796291043331
849227203304992769
849228159451004928
849229851299020800
849231738085703682
849232381588459522
849236883850878976
849238647438274562
849239691908055040
849242041032822784
849242457581789184
849243887860408321
849244609913999362
849248167988211712
849251452711309313
849251515961397252
849255145653379073
849257745991831552
849267049763360768
849267843594166272
849270048749441024
849272396364361728
849272750208425984
849272995596169216
849274865353752576
849279180294500353
849280239322660864
849281254172307456
849283024344817664
849283695588540419
849285990015533058
849286506871238656
849286837512404992
849288306600923137
849289401578516481
849289583993008132
849290083014410241
849290152161759232
849290333162700800
849291637767405569
849292209602035713
849292417249550336
849294938462461954
849296757011783680
849297826261741568
849299285355241472
849299984738643970
849301799379116033
849303044831531009
849307222668693506
849307884534059013
849128743947964416
849130159395540992
849131417883648002
849133141457600513
849134091006074880
849135444981944320
849136452399226880
849137709226446848
849138715439935488
849140226115194883
849141233662304256
849143098466873344
849144315658063873
849146016246800384
849147524963348480
849148877085306880
849150292918534144
849153093069680641
849154645700292608
849156675030458369
849157458652262400
849158794085052421
849158850347495424
849159855482970114
849161869789077504
849161910259986432
849163623062745088
849164159145185280
849166442717220867
849168518788599808
849168991750942723
849170815237193729
849171954515013633
849173013358686208
849173628893712384
849174936522567682
849176563371343872
849177974377140224
849179252410986496
849179894584147969
849180994603163648
849183084218068992
849183924010004480
849183969040097281
849185248936165376
849186053525299200
849188061758054400
849189658986782721
849191269893115904
849192196343566336
849193597081714689
849194214126747648
849195148999364609
849196973970391040
849198610205900804
849199655900545025
849201697033519104
849203394417963009
849205215408660480
849206161194721280
849208761000632320
849211216006434816
849212178167197697
849214740673044481
849216093893922821
849217856915075075
849218997010677760
849221116883283968
849222527163314176
849223948256636928
849225316325359619
849228250001833986
849229784441901059
849230765971963905
849232927703662592
849237087572426752
849238455259365376
849240768254488576
849242237674434560
849243531122286592
849247575559593985
849249835790331904
849251501335879680
849252764798636034
849256620760731648
849259992838541312
849263190424924161
849267138024148993
849296901434474496
849300115357650948
849300647887470592
849300673153859585
849300715667378176
849300727780569088
849300960522448897
849303918664454145
849305734839926789
849306641107480576
849306652306268161
849185760788000769
849185774528589825
849185846536404992
849185972822716416
849186009766133760
849186025297637376
849186080553398272
849186322585616384
849187800503267329
849187902076710912
849189721624498176
849189732890419201
849189747335589888
849189785126219776
849190086679965696
849191226410708992
849193821405630464
849196212939091968
849196661633150977
849196717874577408
849196756516687872
849197763216723972
849198432132763648
849198459257323520
849200946651561984
849203222132785152
849205968693063682
849208026754142208
849208752326791168
849208782580314112
849208798493507584
849208824502378496
849210043622985728
849212013393977344
849212318223409152
849212380231995392
849212436393709568
849213824091779073
849216367454822402
849218813107335169
849221384115019776
849224159360151552
849226718695043074
849228864484249600
849229103119179776
849231876820697088
849232797541830657
849232863333670912
849235136101089281
849237642302631937
849238768125194240
849238793144160256
849239881360474112
849240226589536270
849242177033129984
849243960006643712
849244146929938432
849244158942466048
849244174658539521
849244212323373057
849245800291074049
849245821883297792
849245855664271362
849245940259180547
849246379595714560
849246407886331905
849246481773101064
849248265937850368
849250057270562818
849251563461902336
849254148428136449
849256424060399616
849258990676652032
849259483922669568
849260851278356480
849263079410065408
849263099060391937
849263160041361409
849263179226124289
849265738816917504
849266634862866432
849266729549221888
849268734145515520
849271259548590081
849273565056823296
849275953230610433
849276041000620033
849277072497397762
849279700061093888
849282192299749376
849283252468817921
849283278733553665
849285474988552192
849287488736776193
849288577603260419
849289289686974464
849291373186613248
849294333459169281
849128757206163456
849131299130527745
849133837452025856
849136061586558977
849138589023784960
849141340038471680
849143604954234882
849146384515301376
849148616518373376
849149764885250049
849149845768204288
849149858774732801
849149871672238080
849149890202656768
849149922276503552
849149935685697536
849149954971107329
849150055764434944
849150078149439488
849150094658154496
849150139847651328
849150218591514624
849150303878475776
849150317371502593
849150339102236672
849150365668958208
849153141501251584
849155917744672768
849158173948870656
849158939489034241
849158994447007744
849159073480265728
849159253764059136
849160385483722752
849161556223037440
849161748687048709
849163913744744448
849163926898180096
849164304935006208
849164319023562752
849164332214751232
849166296407265280
849168594130874368
849171591829356544
849173548216324097
849173568005033984
849173581019979776
849173598053044224
849173610300420096
849173632265965568
849176627229675520
849177755396841472
849177768843767808
849177787382599680
849177806017843200
849177819393384448
849177840369139713
849179442622672896
849181906998624256
849184682273107968
849240400959336448
849242334596390912
849242346239799296
849244117859225600
849244135206916096
849245918335569920
849247761941790720
849251284590919680
849253301015240705
849256873664630785
849262812325138432
849262847968333825
849262872643461120
849262935457353728
849263037324435457
849263285392334849
849263456800976896
849266566592180225
849268706878402560
849268844447354880
849272733175349248
849278147837272064
849280415378657280
849286201832091649
849288467267891200
849289238055190528
849291525485973504
849299345916735489
849301857990213633
849304359083159552
849304804149137408
849304842526916609
849304861288148992
849304892112031747
849304923300917249
849304951293702144
849304966061805569
849304992276152324
849305032742797318
849307103013601313
849152360802811906
849152394483163136
849155421814312961
849155534997659648
849155557349097473
849158084316590080
849159947564851200
849162176061468673
849163523737477122
849163533216612352
849163670441660417
849163682122801152
849166498132357120
849166521985323012
849168556424146944
849168710963265536
849168734552043520
849170560919752706
849171232025182209
849171671391010816
849172466765361152
849175247014297600
849175277305462785
849175843456913410
849176086722351105
849177630242942976
849177712195514368
849178758141628417
849179275433476096
849179294505074689
849179880654811136
849181882126409728
849182712879616001
849182807138107392
849182966739869696
849183004853489664
849183278875766784
849183547978125312
849183644921024512
849184540765687808
849184551993847808
849185909169954816
849188104040841218
849188245476966400
849188318084509696
849188508292059136
849191020701130752
849191266344632320
849191283335811072
849191340210626560
849191762967056384
849194799144030209
849196170824077312
849196209919184897
849196289527033860
849197580244353024
849199650431172609
849200912627314689
849201737823125504
849202310706319360
849202562444165121
849202608996790272
849203690640691202
849204548484964352
849204571389952000
849206344825655296
849206704034238464
849208984712228865
849210122115186689
849210136187072512
849210147423612930
849210175605157888
849211231080775680
849211497402294273
849211505342107649
849213745226231811
849215766981464064
849218778315489280
849220815241588736
849220826608087040
849220945982226432
849220974390202368
849221223166902274
849222997281996800
849223560686170112
849224627297677312
849224639108833281
849227229594824704
849228480294379521
849228513672646656
849230419631513600
849233136659705856
849233183031910401
849233271175229441
849233306310856704
849233839742496772
849236031719317505
849238367330082816
849238476059021312
849238515560755201
849128192442945537
849130112058576896
849130753925545984
849131845862215680
849133146431946752
849133623920005120
849135362551296000
849137993982107648
849139010341621760
849139155787542528
849140627984011265
849141084781412353
849143326674702336
849143788111097856
849143834965667840
849145727796293632
849145808754704384
849145863930880000
849145951382114305
849149002004152320
849149102151565312
849149218514231296
849149240760827908
849149775244967937
849151855544369153
849152244507447297
849162957476970496
849176906750504960
849192320490627072
849196897017507840
849197124021624832
849200076882718721
849202534556323842
849205161335697408
849205427317374976
849206068819316737
849211494667476992
849212091642892288
849212339320758272
849217132193660929
849220640976412672
849220826209681409
849221546921078786
849222781434822656
849224174367330304
849224890141954049
849227520763473920
849228396743798784
849229071259226113
849229781346516993
849233987264446465
849235728022327297
849239732013998080
849239934393171969
849240597017878532
849240872457732097
849241467893817345
849242589220016130
849243949814300672
849245293002358784
849245527220903936
849246532956192770
849247067021225984
849248531164659712
849249741309399040
849254352061685760
849258613201874945
849259954133487617
849260629059928064
849260837386825729
849260889639223296
849261293651369984
849261317617840128
849261575731003396
849262161595695104
849263607347113984
849265128834867200
849268194414022656
849268209110974464
849268433275564038
849268921760964608
849269248107069440
849269525564358657
849269526432763904
849272037742747648
849272270790860800
849272837005348865
849275118375374848
849277726657617920
849278122029572096
849278425860722688
849278743512264705
849281729705775107
849290069370208256
849294871911428098
849303114012381185
849307905878876161
849128655661875200
849131117961785344
849132602887987200
849133236408262656
849133601165856770
849134507894636544
849134533077348352
849135796242272256
849140989725999105
849142314878611457
849142636082601984
849143024076685312
849144513444630528
849145772809609216
849150699426521092
849150783622918144
849155584293208064
849157464113262593
849161622614679552
849161656458502144
849161979994439681
849165147549642753
849178498291965953
849179225458343938
849182275514146816
849185323758350336
849185348169207808
849187028558151684
849187528691396609
849187618667454464
849187653748764673
849187974994513923
849188206079729664
849188264997212160
849188415568359424
849188947221774336
849191413657079808
849191778783711232
849194373648601089
849198288188223490
849198654183297026
849199066323984384
849202600469684224
849204881156063232
849205061804634112
849212233804521473
849212352603930624
849215170266095616
849216845932511232
849217168889626624
849217583148445696
849222808638939136
849222959638003713
849230977930887169
849231769291243520
849231951487578113
849234769934139392
849238383549308929
849238654912417792
849239190759919616
849240856439668737
849241554849939456
849245054979809280
849246416715132928
849246633137025024
849247274232184832
849247468239769600
849248381549412353
849252172147474432
849255823901474817
849259713761951744
849261884242919424
849262500453285888
849263043565412353
849263281353105408
849265555248824321
849266005234679808
849266978652962816
849267231317835776
849268513235775492
849268655892307969
849268906896142336
849269319854718976
849269793861419008
849270532453289989
849274092863619073
849274360711962625
849274566467657728
849275212319293440
849276727385890816
849277722786488320
849289656541655040
849289996460740608
849290432588636160
849290859279298560
849291909331734528
849294452703207424
849295095371227136
849297279127310337
849300480752857088
849128120401645568
849130448991080448
849132394472800256
849132496856002560
849133212165181440
849135818740342784
849139637851389953
849140500779204608
849148118310453248
849150541221560320
849150720309964800
849153987165270016
849160251681189888
849160736609886208
849161524304375811
849162770931081216
849162893778145280
849163592796712960
849167698059722752
849176143576027137
849176148269559811
849176306659065856
849178544861306880
849184271768076288
849188642207793152
849190789922119680
849196984263217152
849197895287017473
849201006567149569
849202174076878849
849203549263319041
849203792683966465
849205719543021568
849207910567641088
849209793223036928
849213537335615489
849213620747718657
849214597903130624
849215507710529536
849216310219333632
849216331199238148
849217067001630720
849217760919920641
849217771686834177
849219148479639552
849221010066898945
849223154237153280
849223794485071873
849223989016891392
849224180247801856
849225809680228352
849228461860376576
849228669050540032
849229191757389825
849229634260672513
849229736773636097
849229761318707200
849230278174363648
849230503009857536
849230986625908738
849233205161013249
849233793521242112
849234197919272961
849235146549211136
849236791345467392
849237427168432129
849237827619614721
849239631883141120
849240266489778176
849241500349120513
849243003650686977
849243649967890432
849246435472179205
849246654754545665
849246947206512640
849247228740771840
849247776105824257
849248314730139648
849248763348635649
849249593929809924
849250713922289665
849250915597135872
849251486618062848
849251668319281154
849255391024345089
849257556694401025
849258948804968448
849260221323034624
849260719086473216
849261075501649922
849273292561289218
849274061259714564
849277108702543877
849280365068005376
849281946127564802
849304083806777346
849304331442696192
849305502865600513
849307523236716544
849308042374021120
849130045725708289
849136542828421120
849143546913468416
849150413655998464
849156971605495809
849157404621234177
849164069009489921
849170588333735936
849170694504144896
849177754830557184
849181744431497217
849186554308435968
849194238415966208
849200911029284864
849205422103965696
849213032144281600
849213732215500800
849219049758367744
849221321473101824
849222853476175873
849224383877062656
849225631720239105
849225915745939456
849227493840220161
849229053592776704
849230668664119296
849232672383696896
849234551918522368
849236349504892928
849239004587458561
849240669025652736
849242300987453441
849244699030413314
849247373079568386
849249108581855232
849251762175451136
849254426749612032
849256258314153987
849258110913052672
849260971323478021
849262920638836738
849263118329016320
849263329617039361
849264808415420416
849265253561053185
849266163980935172
849267636340916225
849267826259046400
849268590444515328
849268845533704193
849269593570979840
849270127149371392
849270130689409024
849270971399884801
849271596292296704
849272487015854081
849273610896363521
849273634254409728
849273874852319234
849275383379886082
849275706681032704
849277886209118208
849279146266042368
849279160845574145
849279936716210177
849280038667157505
849280498404929536
849282928358117378
849283430252777474
849284194987593728
849286204503863296
849286236477018113
849286290084417536
849286696159952896
849288481167880192
849288985323212801
849289724162441216
849290495977291777
849290638919163904
849291746223816704
849293591012929537
849293710881849344
849294127476985858
849294243155685379
849294821554614273
849296171705262081
849296592633040899
849298021581860864
849298303493779456
849300019698163712
849300037565898752
849300996086009856
849301382024892416
849301790705065984
849303053803159552
849303082420850691
849304054366969856
849305568409931776
849308560110608389
849127971596242946
849130661969571840
849131789117509634
849131932164206592
849132137303470080
849133914031628289
849136477556678656
849138349906505728
849138582015156224
849140147018924032
849140313549668352
849140575668498432
849141173910462464
849142712666382336
849144253645295620
849145121035739136
849148683098755072
849150959779536896
849151736984080386
849152972303020032
849156563919089664
849159549835767808
849160212951048193
849163769284616192
849165306585133056
849165771443982336
849166921589288960
849171723421458432
849177477201231872
849177947017760768
849179771787517952
849182252026257408
849183225238999040
849184393277181953
849187483984306177
849187619665793025
849187792672497664
849191858236477440
849192323162439680
849192403642830848
849196096983228416
849196468619681792
849199873882587136
849200317845655552
849200735082491904
849203227912437760
849203647040724992
849207387588263936
849207421331398656
849207876694540288
849208924859490304
849210882152431616
849211196112850944
849213536836472832
849214968398565376
849218750658347009
849220614745468928
849222526035255297
849224207485595649
849226296286695424
849226946546466816
849230073400094720
849231408631611392
849233583713787904
849233845975228416
849236454484193280
849237623566729220
849237655124668416
849241395323965441
849245005873106944
849245181677191174
849246743141154817
849246889203699712
849248945658376193
849249766915670017
849252725145522177
849256494805778432
849257760994840576
849258471035990016
849259616525537281
849259687245643780
849260289493282816
849260532997795841
849260933201494016
849261745348763649
849261918233796608
849261929411555328
849262339325034498
849262675485917194
849262919728738304
849263575692705793
849266495087665152
849266523256520704
849266725744988160
849266974379134980
849268079364370432
849282667195584512
849284865157627904
849285832754286593
849298021502271488
849128572929421312
849129909905747968
849132915506249728
849139970942140416
849144256027652096
849148213319929856
849154822431535104
849159086981697536
849163356271513600
849169830469140481
849174141567676416
849178475378479104
849184897050832896
849188561618444288
849191077357793280
849193601406054400
849196099692789760
849198617676177408
849201154999410688
849203677365665792
849206173194747904
849208701223350273
849211220653748224
849213723621433344
849215989363486720
849217090947096576
849217948808077312
849217998124716032
849220028813758466
849222041219805184
849223059064201217
849223548409446401
849224046667542529
849225557216808960
849226052673163264
849228082221338624
849230112730099716
849230824683720706
849234115748671489
849235120640978944
849236700081647616
849237641065353217
849237897677090816
849240153520570368
849242672875409408
849245210001514500
849247709827616769
849248942336430080
849249499373592579
849249623810207744
849250231137030145
849252776546889728
849255250267602945
849257385742958594
849257777847513088
849260327854374912
849260387811946496
849263051832520706
849264021626912768
849264804929970176
849265818642919424
849267980223606784
849268414455701505
849268591954464768
849269786928455683
849271361554055168
849274116272246785
849276889889984516
849279679416741889
849280624435355648
849282433820348417
849283695152435200
849283944633819136
849285211187752961
849287973686444032
849290735853633540
849291231498817537
849291756004929537
849293116918124544
849293511702843393
849294507220848642
849295296878321664
849296288634085377
849297515858059264
849297799950807044
849297873527287812
849298098216210435
849298300624932865
849299036679155713
849301071939981316
849301153649238017
849301833856241666
849304270675509249
849304329060327426
849304588188516353
849306126311190530
849307330420375556
849307571089494016
849307812320641031
849129677344002048
849132193494552576
849133438284304384
849135962915524608
849136200917110786
849137555769524224
849142072980516864
849146700585480192
849151159952695296
849154843293954049
849158614937993217
849162389484433409
849167165869654016
849169952473063424
849173705125179392
849176482618519552
849179509844783104
849181256696954880
849184851609694208
849185158787772416
849187548584972289
849190576813682688
849192827409932288
849192828718653440
849193839030128640
849197365047242752
849197610053156864
849198267275587585
849199622941687808
849199624376074240
849199626183819266
849199873857536000
849200137721217025
849200377245319168
849200630019141633
849202658653196288
849204923225055233
849205914762592256
849205916293410816
849205917589544961
849206164541718528
849207438716932097
849207651481264130
849209957610397697
849210445479034880
849212469537112065
849212469608370176
849213960523988992
849214220168122369
849214996571725824
849217994010099713
849218998398996481
849219253337182208
849219333406511105
849220782102335493
849224303853830145
849226346454765569
849227077492637697
849227442434605056
849228058238177280
849230114365853696
849232337149714433
849232614456258565
849233597890347010
849235107416166400
849235123233071104
849236365917036544
849237621595226112
849238386326073344
849240151956090881
849243493734252544
849245225927233536
849246686161420289
849247712792981505
849250232680501252
849252778346205184
849255251144298496
849256747596357632
849257417946824705
849258272788021250
849259015322218497
849260359789817856
849263039178199040
849263048707756034
849266324983480320
849269856306442240
849271738663923712
849273378414448640
849275638066401280
849275901758107648
849278901000036352
849281426524688384
849282921844187140
849283844910047232
849284682730659841
849287978954485764
849301687621877760
849302567431663616
849303135847940098
849304882293207043
849128151439376384
849132932849709057
849134947784732672
849140231185899521
849140405362978817
849141993280110592
849142382750834688
849143501509976064
849143904683388928
849147527710392320
849148032696279040
849148034072035328
849155582342778882
849158603143389184
849163382884188160
849163384520024064
849165339548143621
849167912946606081
849169423009107968
849170429549752320
849170933906423808
849174959276515329
849177247009427457
849177477515665409
849177727374508033
849178231873839104
849181505179930624
849181640689688576
849181755441532928
849181756829777925
849184779266387968
849186031723085827
849186033191092225
849186284195033088
849187039220121600
849187040545525761
849188047904055296
849192073920102400
849192075304198144
849237924327469056
849239733393915904
849240011153256449
849242372449984513
849243346652540928
849243789981999104
849245432299565056
849246505861079040
849246532293595136
849247777926385665
849247902480445440
849248629411983360
849251062456483840
849252018128596992
849253116654403585
849254988056539136
849255183754416129
849256609217781762
849256647029555202
849257251705671680
849257409667375104
849262035695263745
849262117366579202
849262218663395328
849262703902326784
849263670534262788
849265023339966464
849266224139714560
849266344189198336
849268289289068546
849269207145603073
849269453846188034
849272487422685184
849273398077292545
849274222149074945
849274453787901952
849274645274669056
849278157316399108
849279741710524416
849280028986687488
849282188285706242
849283153973964804
849283461684670464
849285139146387456
849289176809963521
849290064458862592
849291087806164992
849295884353458176
849297475584368640
849298702757974020
849301690474016769
849302082888900609
849304199359852544
849304338610757635
849304576918507520
849305243481452544
849305704280227842
849308961094369281
849128868158033920
849129495055523840
849130068681031681
849131113687785472
849131721006002176
849132368531214336
849133192128991232
849133617385177088
849134353514983425
849136061964062722
849137492003520516
849141069698695168
849141914049937408
849142447674413056
849143219631861760
849144599050309632
849144856005926912
849146902058745856
849148092662374401
849151030050910209
849152909619191808
849154939507134465
849158044718182401
849158277942444033
849161136733925376
849161154249281536
849161261849948160
849162068284514308
849162259540697089
849162359046328324
849163516502323201
849164650155528192
849165065454575617
849167686160351232
849169616018575360
849169683743883264
849171892300914689
849173418524233729
849175178630377473
849176139532836864
849177237723033601
849183538075377664
849184108941123584
849184154730336256
849184767543091200
849186057358905344
849188255090323456
849188452281274368
849188878443585536
849192405462949889
849192863208493056
849193793186353152
849194560278466560
849194574396489729
849194769691557889
849198128725184512
849198341510623233
849198629005000704
849199660443029504
849199868925145088
849200342109745152
849200806138175488
849203100854489089
849205912485191681
849205947423653889
849206818169651200
849207032590815232
849207586805108736
849208336239251458
849208768265060352
849209814274248704
849210074006474752
849210839160823808
849212109837750275
849213517907546112
849215051089272832
849215349346238465
849217084378812417
849218759613198336
849221053557690368
849221302800068609
849222339678138368
849222756226834433
849225035889987584
849225877250613249
849226244369534976
849226565812617216
849232671540736002
849233482874314753
849234107741732864
849235221400756225
849236214293114881
849236751805763584
849237149870436356
849269755382906880
849277438450253824
849289057251098624
849292508508987392
849296605375328256
849305637888692228
849129422494060544
849132443265155072
849133193550745600
849136974573309953
849140629128884227
849140753473425409
849144533128540160
849148314138423296
849150215651250176
849152075061743616
849155601707827200
849169796629442560
849170062539763712
849177215375986689
849179771888160768
849184890641842176
849189836330237952
849192019608121345
849194867058249732
849199887228911617
849200009765687296
849200876543631360
849200880641384448
849204938974650368
849208703697829889
849209968867893252
849215110426001410
849215639440957440
849215665852497920
849215698106798081
849215777467236353
849215816256155649
849220059822215168
849220221114212353
849225093310017536
849227826704273408
849230103586500608
849231392978464768
849235469770657794
849238892079403012
849242680509026304
849246037831073793
849246455521058817
849250231208341504
849252224806944773
849253992966127616
849254009693253633
849257796776456193
849261574573494276
849265342446792704
849269863273160709
849269960371294210
849270088129814530
849270241154785280
849270607560802304
849271866804056064
849272079212048385
849273537697394688
849275868417589248
849275868463718402
849276146319450117
849276148307550209
849276379376078850
849278590944509952
849278754451054594
849279165777854464
849280157990957056
849281225030328320
849282572941017088
849282651760545794
849283010163879936
849283290947342337
849284149949210624
849284884573167617
849285458249035776
849286536189403136
849286792008347649
849286902956077057
849287958570164226
849288488050724867
849289247257501698
849289287262720000
849289508885549058
849289831331098625
849290856863584256
849292066509266949
849292501101887490
849293011204935680
849293368781938688
849295932055310336
849296213845344258
849296779539623937
849297830963490816
849298064263303170
849298215111471105
849299926282620928
849300558011871232
849303088611635200
849306475684126721
849307548444438529
849196213136228352
849197796519555072
849198464030433280
849199210578759680
849200118733705218
849201277112332289
849202103599996928
849202354792660992
849202354935267334
849202755696766976
849203764175269888
849205707287220224
849205760483622912
849205823003873280
849208025542012928
849208204005441536
849208783138107396
849209328586428416
849210319163600897
849210666854612992
849211193088757760
849212101247864833
849214265085091840
849214441442947072
849215150448095232
849217037348073472
849217403682787328
849218253121617920
849218314161278976
849219067730944001
849219201793437696
849219335684050945
849219586331480064
849220096539185152
849220150196924417
849220534776803328
849222476559208448
849222745711927297
849223408160321536
849223595914080256
849223872360701952
849224008021270528
849224742049640448
849225058958663683
849225217314607104
849227234514788352
849227960284573696
849229618540408833
849229905070043137
849230515886579712
849230794732306434
849231475396538368
849233103952510977
849234173877473280
849234390056140800
849237972067201029
849238059543605249
849238257607077889
849241673234296833
849243593369952257
849244894195589120
849245124169269248
849245308961816577
849245356097490946
849245364595175425
849246445869948928
849249660409712640
849251013869568002
849251421920931840
849253397664595968
849253788909174784
849253788947034112
849253788997357568
849255245125484544
849255295008296961
849255303514386433
849255498159468545
849256067892744192
849257124286930945
849257234513219590
849257285713108992
849258432725233666
849259123489345536
849261379844485122
849261380222017537
849262392005578753
849262563141570560
849262682431684608
849262716304973825
849262844436787201
849263006043308032
849263176562724864
849263968959037440
849264410535358464
849266018925129728
849266172277260288
849266401818836992
849267986242428928
849267986271805441
849269721665064960
849130388719104000
849130819256016896
849133183920680960
849136200623566848
849139261756641280
849140276174221312
849140390578057216
849141377220976640
849141958362746880
849142493589495808
849143290674982912
849144357173305344
849144504854630400
849144747600089088
849146311123382272
849146337933365248
849146399543480320
849147074612473861
849147336685211649
849147636720562176
849147672183410688
849147838407868416
849147856078471168
849148289257799681
849148791412469760
849148826724298753
849148923700797440
849149020555677697
849149285245562880
849149530968907776
849149761466884096
849150210991435778
849150500490686464
849151366295695360
849151657288110081
849151825324519424
849154578335531008
849157252846161921
849157634485833729
849157634603323392
849157758188498944
849157880603439105
849157912983482369
849158023461433345
849158217443815428
849158570843275264
849158782160711681
849159021634433025
849159375163969537
849161856975503360
849162070377598976
849162707651747840
849163192496517120
849163928018067456
849165067748864002
849165411216220160
849165448335810561
849165474441154560
849166060268003328
849166076139143168
849167331754377218
849169676106158082
849171588767526913
849172456724213760
849173694526218240
849173757835059200
849173801321541632
849174466949259264
849176354373464064
849176362401267712
849176372127952896
849176433893281793
849176762038841344
849179031090155520
849181242583023616
849181904691752961
849182738397757440
849183013472796673
849186074937233410
849186287835910144
849186838392823808
849188329832796161
849188507033776128
849188898148417536
849189084199256064
849189324289691648
849190266116468736
849191118428352517
849191398066860033
849194806807015424
849196107397771267
849276948689891329
849281783585746945
849286570247151617
849291171797098496
849295048097312769
849298861873127426
849301528733261824
849304135405105152
849306517451018240
849154541266378752
849161672610762752
849176897162547200
849179752850227200
849188924706762757
849198339472203776
849200635375489024
849201810992771074
849204716097687552
849205930055151617
849212789344411648
849215741484249089
849219468597362688
849220776788144129
849221411122098176
849221440595427328
849225314559545346
849229535572881408
849230668336943105
849232780076756992
849232867838353413
849233786869096448
849235612884512770
849237348005150720
849237647851651072
849240405275283457
849241398184480769
849241560935956481
849244060699242496
849244447577526272
849244715904061442
849245563891707904
849245662403325952
849245944218607616
849246469190234113
849249015954911233
849249171269922816
849249270091964416
849250095182868480
849250971855224833
849251892987400192
849252785442914306
849254254514765825
849255009342631936
849256434768465921
849256550602592256
849256579014811648
849257294076542979
849259055357079552
849259560137314305
849260309617487873
849260316471021570
849260372183982081
849260792579018753
849261082086707230
849261201360134145
849264009731862532
849264077469880320
849264912455127044
849265313086672898
849268701014753281
849269159309570048
849271358781566976
849272615629971456
849273129855844352
849274999667961856
849275635688235010
849275685847916548
849278240602693634
849278328318173185
849280132359606273
849280147698135041
849280652440739841
849280792585015297
849280890467385348
849284475653697537
849286546201206784
849287456570716160
849287987582185473
849288063859777537
849288972291506176
849290636679426049
849291374507806721
849291417633656833
849291708928073730
849293516543057920
849293686563274752
849295051113062400
849295205673074688
849295518673113089
849298275807133699
849298797217943553
849299115003580416
849301444671025152
849301821676019712
849302072780627968
849304322919759873
849306074901512192
849306339096625152
849306513810362369
849131192687394816
849132702464966656
849134582893076480
849136478215172096
849136478882078720
849137388211380224
849139509744865281
849140253042634752
849142519610912769
849143611979649024
849144480016068608
849145418399326209
849146034395594753
849146288797081601
849150825473736704
849151635154665472
849151636618530816
849152358286282752
849155352390242304
849157106972463104
849158595618975744
849159653099532288
849159681477980161
849160636634451968
849161387888840704
849161886801068033
849165928696819713
849166693595324417
849166693658243072
849168939661881344
849169743999356928
849169745622511616
849172719694381056
849174113285545986
849174234538680321
849176111284183041
849176723618881538
849178758250721280
849180220699684864
849181028589723648
849182273597394945
849182487628718080
849183283514662913
849184811839258624
849184816344039424
849185315793383424
849190170171772928
849190513366503424
849191325459136512
849192775564316672
849193323617189888
849194855419006976
849194980111519744
849196124099551232
849196195893399552
849197170658095104
849198475040493570
849199137753092096
849199910142521344
849201404384342017
849202165398851584
849202966850678784
849204154236940288
849205221335207936
849205565108649985
849206689752600577
849208495459246080
849209183102750721
849211975766822913
849213484038590464
849215009087467520
849215009397846016
849216522396594176
849218017452052480
849219517108572160
849220276369981442
849221789733572609
849221789808984065
849224592719843328
849225389125894144
849227858182647808
849229342626508800
849230153809088512
849230187162030081
849231449756762112
849232358985408512
849233119664373761
849234637427814400
849235370826846210
849237541094031360
849250967841153025
849266577656619009
849270480343375873
849277367210168321
849280167742644225
849297622821216261
849298023792365568
849302645080829953
849306831264505856
849131962413535233
849138224895283200
849138724944457729
849147040768692225
849158419818967040
849165664078241793
849170181708546048
849172333038370818
849172947076091904
849174750308040704
849176974824177668
849178720686526464
849178995795136512
849182782328799232
849186794231017472
849192350278668288
849192842513838080
849193841525653504
849195106288775168
849197361062719488
849197618286690305
849199638448152577
849204423641497600
849205903081570307
849208186687152128
849209194691653633
849211720296001536
849213220036509696
849214729729998849
849215722899288064
849221518651469824
849221551685738496
849223319719092224
849224545693204480
849226552890068992
849228076982685697
849228309791739904
849230370281103361
849231354122444800
849232614259122176
849234129182904320
849235131625861121
849239911018385410
849241671489511426
849246309232103425
849246530523598848
849247465224126464
849253139853131777
849255287139651584
849257006137561089
849259063225442304
849260574445883392
849262952804831232
849262958219636737
849266776412237824
849267661662040066
849274256865214464
849275398424739840
849275904018702341
849276855790206976
849279403557347328
849279444602691584
849280937682550785
849281043672838145
849281458518740992
849283785250267136
849284197156102144
849284950620872705
849285456315518977
849286464244416516
849287649072467968
849287723202621440
849289240081051648
849289241955885056
849289244296318976
849292321703288832
849293011322380288
849293011456581632
849293011829837824
849293013440503808
849293528286994432
849295010797375489
849296214130601984
849296520679698432
849297286882635776
849298045456052224
849299322948767746
849299799870459904
849300074383503360
849300558989209602
849301547548848128
849301817078972422
849301819130085377
849301835718557696
849304021898756096
849305595777830913
849305596432011264
849306402367713280
849307875549863936
849308093464838146
849131938233425920
849139483819753473
849145833652203520
849147036578570242
849159122180337664
849162135414480896
849169865432866816
849177235693219840
849184777085132800
849186412243161089
849186784571518977
849187175325413376
849191383680339968
849192338886971392
849197195379310593
849200631432847360
849201677374820355
849203328202526721
849203468929822721
849203933373444096
849206829523623938
849207438205214720
849207478973870081
849208701886005248
849211657486295040
849216044690534401
849216235329867776
849216253898223618
849219835041075200
849222538647527424
849223640751144961
849223795055439872
849224919560986628
849227511632470018
849230077967581184
849231347482800128
849231580103147520
849234254601048065
849237278862036992
849237636736843776
849238888354852864
849238904964349954
849241494766718976
849244367902707713
849244444033470464
849246442929762305
849248283092549632
849252734977101824
849253988604276736
849259931161284609
849260293876207616
849261042001739777
849263834980331522
849263873278586880
849264315773456384
849265354090188804
849266837636435968
849266946973552640
849267832558936066
849269088526512132
849269956965433344
849271356315361281
849274036463054850
849276410141302784
849276934802505730
849278300602216448
849281955980095489
849282932476870656
849283651338678272
849284196950577154
849284495442419712
849287083726430208
849287732446679040
849288242025385984
849288350972485632
849288921259409408
849289246678671362
849289313053442048
849289313347145728
849289722056912896
849289901032054785
849290207711170560
849290257359138816
849291623766818823
849291741316485121
849292459955847170
849295430760501248
849296128638156801
849296361480650753
849297675103162370
849298035867824129
849298480795353089
849300269133422594
849303869041541122
849304805113827328
849304818103537665
849306842983542785
849306935493046272
849130665190846465
849131399143710724
849133203550068737
849137355428687872
849140779406819328
849141987324305408
849147244230135812
849148160429760512
849150019986968576
849154032430178304
849155868251869184
849156300873355264
849157144687640576
849162100404625408
849163407442018305
849165209470205953
849165897155698688
849170973039439873
849171216783093760
849172606993485825
849172747578167297
849173866098438144
849174061783580672
849176259460550658
849176347368972289
849178144468852736
849180649860870145
849181008637382657
849184210476814336
849185327570931712
849186059967713280
849192655103852544
849194895080394752
849197235946610688
849201448910979072
849204180963254272
849206269072338945
849209801976500226
849213579916189698
849216229399158785
849218927985033220
849222142780682240
849224785573892096
849227327670243328
849229099147177984
849232231457587200
849234398763417600
849239552623611904
849241762803658753
849243058453569536
849243738119524354
849244582084784128
849245055214911489
849248020617154563
849248618016124928
849251800448458752
849252429011062784
849259652432973825
849263029854380032
849263223790596097
849265554565324801
849268075270553600
849273028395532289
849273431975759873
849274179237163010
849277037692977153
849277255461285888
849277992757059586
849278335742070787
849279256509255681
849280442348056576
849281473354092545
849281684822470657
849283379455504384
849283380827086848
849284187584688129
849286254055313408
849287972163899397
849288090686562309
849289248872202241
849291804893696000
849293022621728769
849293370832957440
849294320758910976
849295593029730306
849295629671157760
849296758823948288
849297058494386176
849298273944915969
849298385253355522
849299312421064705
849300105236811777
849300634994176002
849303147004690436
849304115608006656
849305665256529921
849305865761026049
849306380796387328
849306884125413377
849308252076732418
849128213167177729
849128310990917632
849129432015130624
849132248637091840
849132365624508416
849132525951889408
849137093070790656
849139959042887680
849140034276134917
849140316531773441
849141265388249089
849144545002606592
849144549377224704
849145766308347904
849147354427129856
849157108331315200
849158632696680449
849159787329794049
849160887328010240
849162514998972416
849163408104726528
849167393846964224
849168932359548928
849169871497777152
849170023490957312
849170477763489792
849171726969835520
849172280513105920
849173499373641729
849174629675675649
849178101460475906
849178641313431552
849179788879298561
849185246864179200
849185593095581696
849185845273915392
849185960806027264
849186311433048064
849187310923120644
849188887083847681
849190177243377664
849190235208593409
849191108563415040
849192724087681024
849193790845968384
849195019202383873
849197284487290882
849199115334537217
849200242008481792
849201148519206912
849202048201609216
849202182985592833
849202476620419072
849205600097579008
849206240194514944
849212457516228610
849213764922691588
849215270401040384
849216672368078848
849217320614580224
849217860002091008
849218857420169216
849219114581319680
849219261470052352
849220014720811008
849223843810091009
849225082463498241
849226412749983745
849227756709838848
849228894469312513
849231390092787713
849233942603608065
849235205261062144
849235435649892352
849237756396097536
849238969179045889
849240138727272450
849242129071321088
849244326802714624
849244433467965440
849245431972409344
849245579670679553
849245815042453505
849246360591269888
849246955507240960
849247754572500993
849249059521142784
849252806833963008
849253472583266309
849256950558855172
849257873859280896
849260667978821632
849262347839524868
849262942046572544
849264069102239744
849268127787433985
849268586829033472
849269087171641344
849302974946045952
849140729733562369
849170929544380416
849201130676649984
849215038330216451
849222363417911296
849229833938890752
849230173824274432
849231328377622528
849242486056923138
849246541374246912
849248207381069827
849253026246348800
849253068843692033
849253315779207169
849255699867729921
849260522222493701
849262078238044160
849262517608173568
849264456840482818
849265006331998210
849265464421355521
849267893799964672
849268339247636481
849270096518316032
849270683116990464
849273106954932224
849273755582988288
849275898289369088
849277034387963904
849278787107901440
849279679743877125
849280179239354368
849280695952433152
849281280399355904
849283180867858432
849283185158606848
849283558355214337
849283566915788800
849283730367799296
849284734869962752
849285467216457728
849286239043932162
849286515914158081
849286681144549378
849286697795940353
849287166161244160
849288726396243968
849290471318966272
849290500163215364
849290808742346752
849290932788879360
849291500181757952
849291814901358593
849291835910479872
849291910292307969
849291999463297024
849292085878542338
849292560342405121
849292704353705985
849292766077231104
849292811799330817
849292939507486720
849292968985063426
849293431084130305
849293682582970368
849294216475705344
849294312449986560
849294316967211008
849294507820683264
849294894245871616
849295008922521601
849295054669852672
849295471222833152
849295575153598464
849295666467807232
849295683526025216
849295902682607616
849296319151734785
849297449302859777
849297711786491905
849298931070717952
849300147733397505
849300575011426304
849301797592342528
849302462263685124
849303209122430977
849303414152548356
849303588220350464
849303599058472962
849303885755932674
849304759093915648
849305439053500417
849306069948022784
849307080397926401
849307704451633152
849308338932396034
849308743779201025
849308780227637249
849308794270175233
849308864097005568
849265373195247617
849265538916331522
849266191789064192
849267543940485120
849267544334770176
849268100038045696
849269079412277249
849269597668859904
849269834328276994
849269834881925121
849270288445526016
849270634446282752
849270904139993088
849270978383314947
849271048751239169
849271231975239681
849271397985734656
849271492839866370
849271502302310401
849271795190464515
849272854285832193
849272945956573185
849273159094329344
849273488678543361
849273878828503040
849274396808290304
849274420862570497
849274450906316802
849274694012481537
849275560727588864
849275690184843264
849276224400756736
849276717697044480
849277290131402752
849278079096717315
849278527023218690
849278579816976384
849278620468211712
849278896499552256
849279143342518272
849279186581716992
849279648668291073
849279940495384578
849280268385079296
849280670409125891
849281198371217409
849281496720519170
849281522049986560
849281934903717888
849282414140674049
849282746258251776
849283203466764289
849283411239997440
849283534317604866
849283645886128128
849283675237658625
849284176704614401
849284305184600066
849284377225900032
849284512865505280
849285363101294593
849285438460309504
849286194001313794
849286398016446465
849287043423371264
849287661869305856
849288105832185862
849288240045731841
849288698067922944
849288960178348032
849289323614744580
849290135132831746
849290491678134273
849291286817497088
849291287484391428
849291452186324993
849291475158544385
849291996556656642
849292481875161088
849292775824777221
849293104167489536
849293359529308166
849294573616726017
849294715698786305
849294747470413825
849295502029996032
849296915783188480
849297009047515136
849298737797246977
849299726856056834
849300283884617728
849300342907056128
849301657955512321
849302306629840896
849302912253689856
849303053903777794
849303665907310598
849303763231879169
849304492810149888
849305316814708738
849222627151540224
849223206896578561
849223450153635843
849223516704649216
849223778265583616
849223826126905344
849223885136515075
849225305181102080
849225411276001280
849225722023620610
849225791619702784
849226090887483394
849226207099015168
849226233154076673
849226418642968577
849226510737256448
849227161634516993
849227554628263937
849227725562941440
849228345409761282
849228447998234625
849228811518562304
849229057631948801
849229212573675520
849231329040269312
849231331271770112
849231633043656704
849231803634286592
849232519182655488
849232556688105473
849232724317614082
849233322354118656
849233502138757120
849234546453360641
849234903778684929
849235105306431488
849236381780123650
849236474658795526
849236497379336192
849236850548015104
849237291398819840
849237621515718656
849237712347566081
849238760629862400
849238885892861952
849239184095289346
849239247341191168
849239632172638209
849240053918420993
849240073002528768
849240794372419584
849241394430570496
849241812451680256
849242149157715968
849242181281992704
849242231361990656
849242401986158593
849243573371506689
849243911205695489
849244946154573824
849245508141035528
849245596871532545
849246318308597760
849246457647550464
849248981955817472
849249188902776836
849250207900483584
849251457903800320
849253388269359104
849253979947061248
849254714244034560
849254808024383488
849255061104594944
849255371516588032
849256045214146560
849257345276403713
849258487251165184
849258642616578048
849258851882979329
849259283489456129
849259484463734784
849259729310318592
849260443453587456
849260640648794112
849261528188567552
849261639975268353
849261938303520769
849262581990731776
849263091883880449
849263468754726913
849263776633425921
849263991671185408
849264208176979968
849264669713944578
849264788991508481
849264810785214465
849264832184496128
849264954012250118
849265302516801536
849193748856745984
849195702483865600
849195904812941312
849196006503841793
849196063189852160
849196166583656448
849196227078103042
849196271684464642
849196274117226496
849196393948491776
849196684634673152
849196850087419904
849196890948325376
849197353923997696
849197596778405888
849198171007963136
849198363467755520
849198543567040512
849198547450855426
849199258406445056
849199368095838208
849199621742186497
849199916085895168
849200245305212928
849200265823752192
849200375257235456
849200977106350080
849201128902467585
849201508541501440
849202321779286017
849202751846436864
849202941806477312
849203122165739520
849203297760284674
849204107151847424
849204486178471936
849204496974700544
849204819814473728
849204903234777088
849205235285458944
849205515284615168
849205893656956929
849205932504621056
849206826805624832
849206918082166784
849208173022130176
849208306698792961
849208362705313793
849208680155426818
849208680260096000
849208946309181441
849209281132081153
849210446502604801
849210638664687617
849210807221178369
849210906806554624
849210946182680576
849211002491109378
849211082501705730
849211414627725312
849211530348507136
849211656894894080
849211950982512640
849212208789827584
849212455314231297
849212757622886405
849212958349635584
849213457945591808
849213709951967233
849214379467911170
849214407288684544
849214529225543680
849214621210771457
849215211580125186
849215309496057856
849215473585496064
849215811910873088
849215875261636609
849215977615114241
849216100005015552
849216110033608704
849216228426080256
849216583692161024
849216832988999680
849216993098117122
849217130696519680
849217288574291968
849218548216016896
849218745885229056
849219003692306432
849219216251265024
849219489719881729
849220002385350656
849220756508516352
849220815161831424
849220928949149697
849221154044874752
849221238975320065
849221280167546880
849146812011339778
849147022426857472
849147054895058949
849147334147670016
849147738906341376
849148026325131264
849148209373093890
849151146308632578
849151302693257216
849152053494652928
849152724679761920
849153992613658624
849154457246081024
849154564775456769
849154570756399106
849154674359980032
849155463778361344
849155578761015296
849156009482481664
849156078382329857
849156745582833664
849156836112572418
849157086336430080
849158474567168001
849158524814987264
849159563752484864
849159605473222656
849159761476169728
849160608847089664
849161868577038340
849162059065561089
849162126027620352
849162693923811328
849162911381680132
849163128227020800
849163355227082752
849164385708785664
849164884998852608
849165578199859200
849166027376263168
849166650637041664
849167155719524352
849167607890665472
849167908576141312
849168158527287296
849168233785696262
849168699542163457
849169166657507328
849169538512027648
849169953005731840
849170928978231299
849170938100895748
849171493615521792
849171968331001856
849172671812317185
849173303956779008
849174704904560640
849176564025708545
849176697526247424
849177035171868673
849177170362740736
849177675025592320
849177813773152256
849177928369831937
849178479618695170
849178740294922240
849179780964655104
849179922706948096
849180014562168832
849180348172861440
849180793880686593
849180995412787201
849182254307786753
849182724942442496
849182755497795584
849183007558688768
849183220205801472
849183388959465472
849186030347583489
849186080603721728
849186787394113536
849186797229932544
849186854159212544
849187165040988161
849188545201876992
849188729428357120
849188765750964224
849189801702158336
849189898091458560
849190250769502209
849190885795430400
849190923753926656
849191027013451776
849191058596646912
849191445575733248
849193079080923137
849193327849340928
849193577326419968
849129406635421704
849131167085473792
849131670070538240
849132929733337088
849135948801691648
849136955002679296
849137964009615360
849139470972493825
849140480260681728
849141735317839872
849141987488010241
849142569770549248
849142993453850624
849143391870869504
849143965244850176
849144255713079296
849144944795275264
849146516300279808
849147761215774720
849152599534092288
849162083149021184
849166021722112000
849172561774616577
849177281591365633
849179511539224577
849186028472590336
849188353882832896
849194250084339713
849199824247246848
849201879959478272
849205930281517056
849223323443761152
849233437542240257
849243476831219713
849246940294459392
849248947789066241
849249237707755520
849251971508969472
849255273164361728
849255992206532608
849257739180273664
849259638105223169
849259847598080004
849260290474614784
849264043600695296
849267317519208451
849267365606969344
849268187908759552
849270840638152704
849272762556436481
849273260227219458
849273838118600705
849274174778597376
849274865089527813
849275562988376064
849277263791235072
849277758425505792
849278893714530304
849279189358448640
849279456518778880
849286876309729281
849291302512590848
849291620944154625
849294249711611906
849294419002089473
849295143853273089
849295280952360961
849295758163562496
849296164180590592
849296255784284162
849296590619783169
849297225117315072
849297543557197825
849297949897232385
849298668842889217
849298802368552966
849298843728568320
849298872547639296
849299575672360960
849299816899375105
849300022088916997
849300048865353731
849300280634208258
849300704938385413
849301040809816064
849301557116116992
849301654558167042
849302208827056128
849302231631507456
849302762907217920
849303119888515072
849303165329715201
849303620847906817
849303739794161665
849306202576220161
849306461276647425
849306941537103875
849307088861966337
849307336871219200
849172956488114176
849187815153971200
849202402544820224
849216761455161344
849219771530981376
849222796551102464
849225551067983872
849227514417479680
849227926470103040
849229367305809921
849230769964929024
849233895056977920
849237123060334593
849237852403769344
849238212686090241
849238968688365569
849241870425313280
849244648174485506
849245534779047936
849245731164753920
849246104814223362
849246661255856129
849247171841011712
849247828132196352
849248329288601600
849250046688333825
849250658616213508
849252719181299712
849252779256360960
849253557576638465
849253682315177985
849253908576960514
849253991364124673
849254145618063370
849254284910895104
849254346760081410
849254493925584896
849254649282654208
849255018519818241
849255072487927808
849255323449864192
849255401405263872
849255537288019969
849255612382883840
849255908412715008
849255976591118336
849256130295595009
849256205155520514
849256432491016193
849256705611485185
849256947673165824
849256999481167872
849257408509751296
849257559127142400
849258163547365376
849258240361869312
849259040970559488
849259251042320384
849259349767749632
849259759631028224
849260135780405248
849260758496137217
849261005121179648
849263338144112640
849266912626454529
849267418941841408
849267774421704705
849268226416672769
849269273205800961
849269352398561281
849269776367198208
849270181784412161
849272521094557696
849273590939877376
849274844348903424
849275159575973888
849275600409907200
849279547556192257
849280680370614274
849280706111037441
849281148962447360
849281911000371201
849283631860391941
849283802677555200
849285684565348352
849285730107101184
849286569022377988
849287038742482944
849287524124151810
849287681234350081
849288483747311616
849289061894369289
849289882048622592
849290796004192258
849291294325305344
849291332858368001
849291989434683395
849293623652999168
849293647191429120
849293994328764416
849128902366810112
849129557689077760
849130057675165696
849132176046247936
849133687035875328
849134438185402368
849136955082362880
849139723486584832
849140245631291392
849143247788285954
849143250162245632
849143279006384128
849147365793685504
849152056212500481
849154826730602496
849155831560101888
849157091105419264
849157844020727810
849158119825526784
849162374640807938
849163130383081472
849163143817424896
849164740706410496
849165898091028483
849169672431960065
849172187701489664
849173298470670336
849174048168960004
849177227203936256
849180469052809216
849184016699977730
849187791376461826
849188548687409153
849200370257715200
849202991706120192
849203745229557760
849205407499382784
849207422610804736
849209889939496960
849209943018418176
849211951548952576
849214974186717186
849215856584396800
849217366626107392
849217507143634945
849220000485453825
849220002922278914
849222522835009538
849225038263988224
849225262608900097
849227552472387585
849230077200138241
849232482339872769
849232585758830592
849234979544608769
849235062918918144
849237624069947392
849240136713940992
849242655322234886
849243762022895616
849245180356169728
849245421247528960
849245926602526724
849247685999824896
849250202489901056
849252727523815424
849255384242167808
849257752157458432
849260284216791040
849262786790256640
849263686321676288
849265304337297409
849267822622593024
849270335321059328
849271456630439936
849272852767535104
849274475380064256
849275043871936514
849275388144623621
849275872519622656
849277885919752192
849277958279708672
849279415787769856
849280403718508545
849282921366261760
849285439273959425
849286930751774721
849287744635502592
849287953172058112
849292371875561472
849293741752016900
849295501019271170
849298030608232448
849298245713088513
849299241549922304
849300536818118656
849303054323253248
849305590505623553
849308090159828997
849309093147934722
849128153775837185
849130256971837440
849132592586772480
849135715480895488
849140752391319552
849143287801892866
849145787879739392
849150814585225216
849151563453136900
849155338414804993
849155849666912258
849158364412116997
849159114362155008
849160873495154689
849162887763546113
849163381068181504
849165899026362368
849166662498693120
849167888548286464
849169690433916928
849170438576115712
849172222703017984
849174215727214593
849174708578906113
849177090763223040
849177990286258176
849181010688344064
849181763398234112
849185537613332481
849186040145481728
849188562268540928
849189311459328005
849191075667423232
849193090371989504
849196111923380224
849196860870987776
849200641939472384
849201151883005952
849202753532551170
849204791926542336
849206184322191360
849208191187656704
849211216560050177
849211958968672256
849215732386869249
849216242577788930
849217958329057281
849218385330282496
849219474179977216
849220447698923520
849220905871998977
849221640181477376
849222520771358720
849222563125506049
849223159798784000
849224422917627904
849226309440073729
849228819064127488
849231350523731969
849233226325532672
849233864077824000
849234383634665473
849235540536905731
849236363073507328
849236372460363781
849240139020763136
849241411396526080
849243913227563008
849246576698675200
849247692874285057
849251461770956800
849251968019247104
849254522086195201
849256666185031681
849259383288680448
849261237154316288
849262656863305728
849264048411750400
849267821494378498
849268323263107073
849271595331878912
849271975679799296
849273567913140225
849274243900637184
849276450419208194
849278390335045635
849279144177401856
849279469634424832
849281660357038081
849282922465177600
849286693907824640
849286696244060160
849290718552182784
849294449981214721
849298154998681600
849298273575874564
849300536725778434
849301794853445632
849306322239619073
849307028204003330
849128916329656320
849132689106055168
849136462071296000
849139689797898240
849140235221053440
849141987920023552
849144010954485760
849146576643739648
849147786968915969
849149302190612482
849149442464907264
849150442194051072
849154048901222400
849159832804503553
849160877471395840
849162095350480897
849162751670988801
849163431722831872
849167622398771200
849169658305445888
849170544058662912
849171491346419714
849172836799447040
849174121233756160
849174121355390978
849179387257917440
849183975881015297
849184524051337216
849184664455708673
849184860140908544
849190576788570112
849192373926211585
849193408610566145
849195876077752321
849197734162817024
849198357209911299
849198971285274625
849200323134672897
849201229003726848
849202381631959040
849204325394075648
849205065177059328
849205847221837825
849205885557755904
849205917107277825
849208033322446849
849210015307223040
849211497335181312
849214319267074050
849214785099059206
849215427771346944
849217701528694784
849218430590963713
849218950399479809
849223920041504770
849227698782208000
849235987767205888
849238107203526656
849238734822363136
849239970900578305
849241675025313792
849245447491395589
849248470326235137
849248623741345792
849248623837802496
849250116519297024
849250887436554240
849251583758143489
849252214073942020
849252214166224896
849252955027124224
849253763273682949
849254187162636289
849254656626884609
849255226699853824
849258487959957505
849260220513759234
849265951451303936
849268582966054913
849269602966175744
849271839553716224
849274572457332736
849277315477626880
849283979387826176
849285164622589956
849287303155601408
849287498878648320
849289904265867266
849292279223386113
849297418436980736
849297844611756032
849298401627918336
849300343351586816
849300348728750085
849302174710587392
849302370572013573
849303489461268482
849305060563726336
849307012295012353
849132770513350657
849139420687159297
849143326171439104
849145524527800321
849149990429745152
849152593175736320
849156750859284481
849166765359869953
849176770968522752
849177790364692480
849179483060019200
849182977829597184
849185986370314240
849187459820920832
849188489291857920
849200946794156033
849202301227208704
849204539467104256
849209254280126464
849209928527040512
849210585116004353
849211327348436994
849211434865176576
849211818195247105
849212310703009792
849212388738039808
849212514047078402
849212784797773824
849212972387979264
849213657523396610
849214265244491777
849214278104223744
849215982572843011
849217148597792768
849222550588715009
849227475972501504
849228964098867200
849233292280856576
849236375933243398
849238646645510144
849240906276405248
849242445351186433
849243024278335488
849243363152932865
849244293701275649
849244741598367745
849245308626370560
849246181767217152
849248259159863302
849249450363166721
849251975707467777
849253249924440064
849254213960040448
849254707302367233
849255005903355904
849255275710349312
849258105389154304
849258927476944898
849259508916527105
849259778199220224
849259934260883456
849260078867861504
849260523766108160
849267082554478592
849269798450204678
849272190289817600
849272779274846208
849273874403536896
849275650447994880
849275690654593024
849277386126487552
849279198606786560
849279689810161664
849280305714393089
849281447190044672
849281664572436480
849281921993637889
849283032326574080
849283120700559361
849286331465441281
849286748752490496
849289378044284929
849289721591345152
849290635890876416
849291736866316288
849294262491631616
849295524066992128
849298377863045121
849298980613873665
849301042038788099
849301839665393665
849305085771489280
849305724698202112
849305780612452352
849306449482264581
849267879270899712
849256528704135169
849245258361778178
849264054954852352
849233850014330880
849240963570688000
849271688755892225
849229660781256704
849233866271404032
849260564740263937
849252743621562368
849230096577826817
849238091734945793
849247634221137920
849248954755813377
